Date,Description,Amount,Balance
2025-02-01,Freelance Income,1500.0,1500.0
2025-02-03,Restaurant Dinner,-120.0,1380.0
2025-02-06,Electricity Bill,-200.0,1180.0
2025-02-10,POS Purchase,-80.0,1100.0
2025-02-12,Online Shopping,-250.0,850.0
2025-02-15,Freelance Income,1800.0,2650.0
2025-02-18,ATM Withdrawal,-300.0,2350.0
2025-02-22,Internet Bill,-100.0,2250.0
2025-02-25,POS Purchase,-150.0,2100.0
2025-02-28,Freelance Income,2000.0,4100.0
